8
[1,4,6] [1,8]
[1] [1] [1] [1] [1] [1,5] [1] [1] [1] [1] [1] [1] [1] [1] [1] [1] [1] [1] [1] [1] [1] [1] [1] [1,2] [1] [1] [1]
[1,4,6] [1,7] [1] [1] [1] [1,5] [1] [1] [1] [1] [1] [1] [1] [1] [1] [1] [1] [1] [1] [1] [1] [1] [1] [1,2] [1] [1] [1]
[1,3,5] [1] [1,4,6] [1] [1] [1,5] [1] [1] [1] [1] [1] [1] [1] [1] [1] [1] [1] [1] [1] [1] [1] [1] [1] [1,2] [1] [1] [1]
[1,2] [1] [1] [1] [1] [1,3,5] [1] [1] [1] [1] [1] [1] [1] [1] [1] [1] [1] [1] [1] [1] [1] [1] [1] [1,2] [1] [1] [1]
[1,5] [1] [1,6] [1] [1] [1,5] [1] [1] [1] [1] [1] [1] [1] [1] [1] [1] [1] [1] [1] [1] [1] [1] [1] [1,2] [1] [1] [1]
[1,6] [1,7] [1] [1] [1] [1,5] [1] [1] [1] [1] [1] [1] [1] [1] [1] [1] [1] [1] [1] [1] [1] [1] [1] [1,2] [1] [1] [1]
[1,7] [1] [1] [1] [1] [1,5] [1] [1] [1] [1] [1] [1] [1] [1] [1] [1] [1] [1] [1] [1] [1] [1] [1] [1,2] [1] [1,8] [1]
[1,8] [1] [1] [1] [1] [1,5] [1] [1] [1] [1] [1] [1] [1] [1] [1] [1] [1] [1] [1] [1] [1] [1] [1] [1,2] [1] [1] [1]
a b c d e f g h i j k l m n o p q r s t u v w x y z
abcdefghijklmnopqrstuvwxyz